34 59
287 13 398 179 304 111 223 130 126 157 189 89 394 422 388 331 250 54 120 124 304 112 61 17 466 77 283 49 53 42 158 106 71 157 307 389 444 263 17 371 140 207 338 127 457 359 463 61 123 26 171 96 336 337 10 276 398 280 172
53 400 64 380 95 104 234 226 18 363 263 325 202 91 31 432 463 459 284 424 114 419 453 290 350 221 290 194 305 116 123 276 452 205 399 314 409 384 180 197 101 375 15 44 445 257 102 407 398 66 214 168 350 312 80 157 31 263 33
356 196 206 28 355 45 285 145 259 126 198 233 70 254 38 464 217 146 410 246 416 66 458 403 146 109 39 200 125 32 73 32 30 61 348 89 187 407 450 354 118 121 234 403 245 272 253 108 327 111 268 264 95 21 372 204 96 458 392
388 85 410 328 247 382 197 60 143 175 267 296 152 272 80 401 327 44 297 433 457 339 29 364 334 156 237 31 98 92 103 250 28 195 112 279 233 113 387 447 244 197 148 186 268 62 144 172 34 464 167 226 253 288 98 230 429 229 89
47 134 357 9 346 60 316 281 106 145 141 357 53 166 104 429 49 289 22 406 281 199 139 85 417 289 338 62 265 221 140 130 95 69 43 209 12 42 152 148 267 445 359 258 118 31 323 335 193 195 204 183 38 282 407 42 151 123 312
277 74 319 356 292 5 46 380 82 222 49 264 32 97 321 128 55 354 31 451 86 213 346 33 135 173 315 14 245 387 180 233 432 121 318 41 220 338 427 105 345 121 71 186 39 186 457 445 79 433 136 78 89 380 231 246 25 263 358
89 125 228 372 130 172 414 453 306 12 444 236 374 418 191 69 342 98 395 321 57 386 178 83 441 390 372 405 251 381 431 97 6 91 37 173 367 34 250 176 295 355 134 110 269 463 290 80 97 248 261 287 417 275 358 248 404 331 278
325 90 194 24 283 150 199 290 298 431 176 236 96 465 76 402 76 235 446 56 129 274 428 190 9 404 130 248 169 102 407 286 312 399 327 355 36 249 372 348 144 344 236 260 349 55 184 427 452 65 425 259 323 342 372 71 14 44 222
285 5 352 208 84 261 155 125 73 15 272 70 205 127 384 308 161 422 129 432 466 464 34 109 41 155 389 76 218 295 409 66 221 298 314 90 297 111 58 41 49 362 35 455 148 20 60 380 391 301 166 441 115 45 355 247 325 87 225
243 465 23 364 246 371 277 16 11 278 10 405 54 177 10 112 412 186 357 262 322 309 178 163 319 92 268 175 144 456 291 231 104 323 151 101 214 251 135 318 331 249 41 256 109 78 455 32 424 123 92 242 323 95 395 12 272 439 35
113 99 11 150 285 79 17 219 127 454 311 145 69 347 392 79 286 53 224 93 380 90 362 249 357 161 126 264 454 147 433 347 127 72 72 137 245 147 24 202 458 67 392 19 153 396 276 265 176 295 232 38 61 84 283 71 108 52 465
90 17 362 27 175 397 191 392 50 407 297 106 108 62 372 296 162 375 93 405 460 232 376 277 328 28 201 32 460 92 391 231 217 448 138 274 48 163 330 374 230 450 55 24 36 201 256 172 462 275 150 178 162 322 226 135 428 168 70
343 138 200 67 276 221 198 163 89 243 22 158 5 142 442 244 387 398 84 375 14 16 362 444 315 276 46 290 139 388 87 34 265 349 368 403 431 124 447 366 371 147 50 271 395 290 326 203 119 346 452 365 154 151 115 60 404 293 72
129 139 171 233 163 148 426 230 81 37 204 300 169 192 25 85 78 131 12 115 286 216 261 338 147 437 190 255 213 457 144 131 92 293 303 99 189 8 21 203 382 149 170 361 185 110 409 89 160 321 29 383 98 199 156 264 178 432 435
249 191 187 185 282 26 248 378 160 56 357 374 259 192 134 282 228 401 340 177 368 270 264 414 416 169 427 20 143 233 231 10 211 241 72 233 16 159 24 133 388 103 319 94 462 258 212 287 233 186 61 374 433 219 431 225 443 348 398
438 199 463 356 442 108 101 75 35 265 73 114 6 346 200 404 221 148 6 112 237 264 78 172 53 28 179 466 360 231 371 245 257 143 372 329 449 316 237 202 432 398 340 449 320 170 300 41 450 285 399 239 160 366 274 417 24 394 375
375 163 360 272 175 289 250 118 9 264 6 437 302 179 144 256 296 100 352 151 171 197 435 374 141 168 412 414 71 280 38 71 284 106 363 122 107 172 127 399 299 89 201 296 177 156 422 393 464 135 279 334 197 443 77 55 34 365 17
70 216 149 95 188 175 288 134 215 167 401 42 336 27 255 122 436 380 450 172 233 248 233 252 446 359 231 217 456 233 200 372 133 401 232 259 290 76 421 11 254 36 168 413 186 323 230 347 293 25 235 285 139 209 327 290 154 153 288
253 173 310 38 209 378 237 288 308 414 47 100 459 63 369 20 22 294 181 316 412 126 403 238 191 304 458 453 33 276 238 58 43 177 120 397 125 62 171 411 106 458 454 359 5 61 289 174 210 69 399 44 400 164 228 140 137 101 333
265 296 95 315 276 81 302 218 366 378 412 14 438 378 146 254 27 304 289 119 292 19 392 311 163 235 396 391 67 352 63 116 446 313 276 72 194 74 143 357 272 377 300 13 207 262 396 188 321 437 25 301 191 67 164 6 403 374 312
66 200 10 36 302 347 431 211 285 358 299 256 212 105 173 51 436 55 177 98 28 447 415 376 28 36 306 374 378 269 70 127 329 139 192 223 374 459 366 360 12 383 366 63 49 213 86 185 180 106 405 199 245 229 230 274 275 10 371
62 457 17 363 179 420 100 191 9 293 74 405 365 444 223 395 425 18 91 96 41 297 229 294 462 318 68 36 185 16 319 198 285 362 361 224 163 31 436 161 266 38 342 12 249 125 299 206 420 18 96 252 135 172 128 14 35 364 263
77 165 142 51 260 441 294 377 161 214 130 308 33 380 321 56 110 452 255 412 286 67 234 454 66 314 72 287 348 211 264 348 325 78 411 413 124 450 367 407 228 431 425 263 364 413 24 5 228 275 383 77 355 93 80 31 56 96 445
339 223 133 448 34 460 130 109 246 372 197 260 161 207 180 179 66 196 398 313 363 208 344 129 67 53 149 56 283 269 463 195 133 323 466 220 181 211 393 205 63 111 187 367 70 229 197 461 452 25 269 148 434 388 121 398 257 192 27
245 190 433 5 387 436 85 198 438 185 285 59 452 97 68 345 175 117 36 25 235 24 191 114 443 369 301 31 16 95 357 203 331 456 149 37 15 154 448 107 176 69 17 122 282 29 388 16 288 412 389 159 306 30 409 303 349 388 278
112 371 240 108 271 251 130 34 434 251 87 23 427 180 407 255 168 138 373 144 82 114 319 71 286 301 15 378 346 377 434 328 152 138 236 17 238 215 112 78 12 430 106 156 424 339 200 249 192 232 256 5 248 154 343 334 260 249 455
348 26 405 33 221 399 80 14 201 112 167 279 239 234 104 408 327 195 301 339 174 146 106 124 309 323 317 423 441 121 330 427 99 332 252 110 344 248 75 299 452 416 126 243 454 437 270 412 117 206 274 435 196 236 412 70 45 76 116
188 352 28 23 419 168 40 305 22 68 234 271 213 115 406 6 122 285 110 447 465 100 227 157 398 96 329 263 95 423 67 350 85 254 351 420 401 379 341 340 396 385 267 9 374 198 374 320 104 133 128 55 109 283 435 255 329 99 365
161 331 232 13 60 9 369 287 91 257 396 30 187 216 278 205 296 277 32 110 107 294 365 65 75 126 308 324 429 192 109 197 24 330 364 190 17 362 329 25 440 155 83 54 195 45 251 413 114 155 242 460 422 332 62 15 91 363 449
113 308 217 195 121 342 208 7 22 70 139 49 23 224 184 152 352 74 109 456 36 316 460 145 228 57 163 302 363 108 173 229 241 378 198 211 126 112 275 425 341 324 285 265 308 130 65 24 142 246 102 107 388 440 439 70 455 191 77
84 249 405 275 93 42 447 459 280 52 155 99 154 194 356 422 220 409 101 212 456 259 46 419 268 165 250 313 444 256 31 34 284 330 390 273 430 368 347 413 193 394 222 232 288 215 169 104 439 172 418 223 235 56 274 371 268 319 346
375 447 240 376 411 200 28 287 360 245 416 312 396 229 306 151 353 78 303 190 397 375 352 280 157 441 213 463 286 84 269 339 110 21 10 423 44 288 359 259 28 343 232 294 60 434 439 227 117 6 443 373 289 244 198 453 40 14 103
243 181 356 189 462 60 459 224 403 28 404 251 315 452 169 203 395 420 200 431 91 222 179 68 102 53 127 105 318 373 332 406 258 46 373 402 94 306 382 388 324 326 382 123 47 436 113 162 284 307 191 147 285 248 375 272 61 35 7
267 349 150 410 237 378 222 94 79 37 175 95 32 59 109 295 257 72 149 149 395 58 112 8 219 196 33 71 129 366 177 266 255 163 112 167 444 407 220 196 390 343 378 406 120 54 307 51 8 138 274 260 445 453 403 449 425 28 81

59 27
363 157 362 8 19 47 445 436 373 442 428 338 10 56 86 182 382 263 219 80 62 178 297 127 431 305 171
109 241 290 457 261 362 165 93 313 168 90 376 353 337 76 364 335 98 48 334 313 95 112 170 321 458 87
463 39 280 111 173 352 220 71 153 14 404 232 108 67 61 360 35 462 266 396 17 462 272 368 47 445 343
58 295 457 57 180 150 254 341 251 185 342 359 128 307 72 255 466 112 325 176 205 426 265 172 173 236 157
368 97 240 368 141 49 310 97 145 217 316 382 265 276 153 73 207 419 191 299 242 422 246 230 213 48 372
102 274 268 394 171 167 105 134 116 364 194 256 323 279 59 30 153 315 107 300 403 443 380 229 327 289 196
407 386 239 353 83 44 159 287 295 182 414 105 382 339 227 342 450 167 99 90 317 362 394 253 105 454 286
46 42 327 214 147 328 249 393 329 139 95 375 409 119 101 304 258 114 57 369 211 251 435 421 106 75 419
343 295 292 294 426 42 317 342 286 257 393 351 366 366 254 12 424 338 202 289 455 269 294 442 59 9 211
296 127 63 463 386 177 71 212 372 147 207 193 414 95 39 13 273 100 430 267 97 452 55 449 330 243 226
21 418 102 171 442 381 244 74 21 362 465 251 346 56 451 311 13 412 422 160 155 193 447 130 356 219 225
358 268 40 154 30 36 301 380 303 346 92 120 443 417 410 93 143 340 259 287 378 249 324 283 304 156 62
342 354 244 258 176 433 439 42 417 461 212 137 258 18 415 102 248 393 348 420 430 347 349 410 101 451 139
460 216 212 43 57 100 127 99 73 324 67 421 179 358 97 313 239 318 201 271 45 274 219 85 245 325 168
299 154 434 215 435 310 137 83 6 383 61 19 169 179 143 437 225 319 283 246 246 277 355 298 423 180 398
374 260 92 262 62 349 412 407 54 358 260 449 164 162 434 182 324 214 12 50 77 124 458 401 452 423 437
141 143 45 352 136 34 243 427 418 360 158 90 249 419 122 266 100 382 25 43 261 220 94 463 85 241 220
370 448 38 14 298 435 27 138 419 349 50 208 240 409 270 217 23 318 126 85 373 238 54 164 89 220 243
6 139 90 330 362 76 374 465 33 106 267 22 147 110 344 403 125 458 142 396 132 396 313 177 196 145 358
9 271 78 340 436 245 32 194 204 167 54 98 281 442 118 196 300 369 313 179 186 264 384 92 466 379 401
248 280 379 10 255 439 34 399 115 286 191 320 37 249 99 25 27 196 454 97 414 198 135 361 218 99 79
174 300 141 169 252 335 261 440 330 398 30 85 333 254 288 59 306 287 147 450 61 375 321 242 451 456 186
246 153 92 77 183 440 96 218 90 12 35 447 382 238 330 98 263 392 295 339 349 69 402 158 339 164 320
26 19 182 238 62 155 171 152 332 66 27 27 323 154 43 284 210 440 189 363 320 217 213 160 58 356 266
248 466 222 365 147 74 389 323 309 104 291 319 69 216 307 464 394 405 124 357 323 53 88 305 317 324 379
267 318 205 83 235 91 76 58 5 414 245 89 380 413 324 245 367 425 88 116 81 376 20 414 309 233 464
154 177 94 397 82 316 383 65 231 130 209 202 98 97 176 166 260 274 295 368 326 432 10 120 163 313 247
89 74 449 447 130 461 160 139 404 89 75 371 95 256 444 435 237 285 229 273 374 451 52 399 100 164 49
51 406 427 129 355 125 319 18 334 10 346 175 333 65 22 302 348 98 23 446 316 133 238 87 228 47 39
430 324 441 234 429 397 346 59 97 232 163 341 87 234 43 85 266 263 349 182 455 362 313 188 148 445 327
280 397 387 249 42 8 264 53 278 293 349 309 391 395 359 141 197 53 240 318 106 363 184 447 326 322 320
112 394 382 282 379 134 293 293 261 378 196 225 210 268 95 265 200 361 262 180 281 383 275 209 146 257 446
89 177 243 132 219 280 311 294 398 92 364 313 396 182 235 141 235 317 342 346 145 394 344 248 137 107 162
168 214 176 196 47 315 72 421 70 118 124 435 235 357 163 95 302 206 178 240 50 464 394 304 328 216 13
286 406 324 332 131 207 214 375 7 115 55 186 250 62 48 12 119 170 460 144 89 46 438 163 289 373 444
145 222 265 317 259 45 389 259 194 184 399 328 313 29 453 270 307 22 460 277 82 310 298 430 371 309 316
241 210 349 420 370 213 118 45 291 270 93 378 278 465 284 385 154 124 171 104 403 90 12 98 7 27 12
203 273 127 329 151 93 452 342 170 431 282 389 393 209 22 173 364 252 152 57 158 270 375 228 228 78 326
114 447 461 38 259 431 49 105 138 351 258 434 94 40 173 374 69 328 347 58 235 317 145 248 269 151 422
404 21 267 298 206 345 84 60 442 293 69 123 268 155 417 124 35 32 336 64 166 76 291 444 318 69 299
381 236 254 170 12 372 211 276 74 289 89 460 448 144 206 337 375 343 310 309 85 336 368 6 91 387 311
61 68 448 276 274 240 281 15 279 377 377 427 197 292 31 465 225 144 103 90 279 381 403 442 287 368 417
299 51 98 198 405 272 294 443 290 36 431 9 295 5 433 28 18 16 232 18 198 372 433 354 155 298 49
97 97 446 59 137 272 363 181 165 209 148 459 176 271 191 17 401 311 20 8 246 138 51 179 156 387 260
216 463 158 19 329 446 287 42 398 36 165 183 121 133 234 135 335 151 188 375 111 104 432 229 64 374 14
42 79 384 447 249 150 161 172 436 382 46 401 255 268 364 103 35 417 122 298 134 397 316 243 302 246 400
36 290 464 361 119 314 249 102 413 223 225 30 229 438 363 441 151 89 292 80 15 354 49 291 131 262 383
302 11 105 437 133 138 228 137 444 344 134 224 249 159 321 155 279 246 284 138 134 248 149 452 409 326 444
397 445 281 320 415 307 190 452 307 118 144 357 36 460 424 106 384 245 405 395 429 280 78 94 383 189 68
237 352 118 175 133 295 294 221 406 248 417 333 140 56 11 56 334 235 71 378 442 377 430 464 238 306 105
10 72 340 160 183 257 15 164 145 259 451 405 177 133 333 280 164 424 307 250 430 383 258 411 365 112 336
83 266 414 440 387 346 219 286 318 453 306 338 413 185 370 391 386 373 212 206 382 14 121 464 161 163 207
150 263 124 118 404 420 451 435 95 131 308 305 339 87 111 196 164 306 221 145 179 56 246 376 376 190 260
428 276 14 210 388 280 311 217 342 162 41 284 270 74 427 428 255 358 333 401 198 355 335 93 17 62 16
34 294 163 429 395 239 68 425 26 266 153 358 419 386 448 277 277 328 465 394 374 387 429 161 263 99 453
66 256 366 446 238 67 317 352 324 76 357 73 412 246 269 408 321 417 245 280 154 249 224 38 371 426 61
375 126 200 216 234 439 263 408 96 256 370 308 82 451 402 391 276 432 234 392 421 147 37 403 289 277 60
40 443 18 101 168 465 251 345 422 225 311 173 325 435 443 157 423 319 212 234 325 129 304 153 387 256 204
86 120 100 197 253 285 423 385 21 198 427 128 431 340 125 143 8 255 248 226 424 193 8 14 312 337 193
