50 50
46 43 46 8 5 3 39 16 14 22 29 5 5 28 28 39 38 7 17 24 17 25 34 19 41 39 15 4 1 44 31 39 14 13 25 19 14 1 43 24 34 22 26 11 33 26 20 41 0 28
11 5 17 30 22 18 45 46 1 26 33 7 16 2 36 4 22 9 5 31 13 18 37 39 34 40 27 45 3 34 23 22 39 24 18 34 27 35 20 17 32 40 26 19 43 15 32 13 32 30
8 1 37 15 39 12 15 21 30 3 35 15 41 14 6 13 14 17 16 4 16 23 8 37 2 7 17 32 7 23 8 36 38 16 34 41 4 7 36 46 2 18 26 21 17 44 7 9 14 28
8 0 21 6 10 1 30 30 3 23 0 3 42 12 17 22 2 5 2 11 0 11 23 13 32 20 1 42 16 31 7 38 15 6 46 27 19 13 16 44 45 8 1 44 22 22 22 29 41 44
44 34 13 14 44 0 17 38 27 4 24 32 0 35 3 33 1 41 7 33 16 26 18 40 4 32 45 19 31 16 31 2 9 29 38 5 42 29 6 23 29 21 13 41 41 0 16 18 9 32
4 28 16 45 40 21 41 30 39 36 15 40 19 4 5 33 5 23 4 36 41 30 23 19 20 35 7 5 31 10 24 5 44 17 38 1 25 14 15 37 11 25 11 39 11 15 3 42 8 17
15 3 29 15 26 9 34 38 39 9 30 5 23 1 22 35 0 13 19 11 12 14 27 9 29 15 9 33 16 12 4 5 13 7 37 14 19 46 43 29 2 14 13 33 3 37 0 36 14 7
24 24 27 33 22 12 15 2 20 26 29 44 36 30 19 11 45 21 19 29 25 27 2 13 14 22 35 37 10 12 12 44 10 9 7 17 46 31 11 24 27 42 10 43 25 7 22 33 30 33
26 17 17 3 3 7 18 35 19 25 0 6 42 25 27 43 24 16 42 9 27 16 25 16 10 14 15 21 20 33 15 0 43 17 41 42 29 30 38 18 28 33 38 2 6 37 40 44 46 28
35 20 39 39 16 22 46 2 13 22 21 27 2 21 16 30 3 4 29 36 40 18 36 36 29 25 37 15 4 0 10 27 37 41 34 29 12 14 0 41 0 37 6 24 33 33 42 5 7 0
0 38 11 36 37 34 22 3 32 40 19 25 24 2 36 32 25 11 19 33 19 32 44 43 24 41 34 44 5 13 35 35 23 12 16 40 42 22 3 11 19 36 37 43 32 16 9 13 18 28
38 25 22 31 34 26 13 39 39 38 16 23 18 2 38 18 4 4 43 43 9 4 3 21 5 10 44 39 6 34 19 23 4 11 30 22 30 4 29 25 9 1 0 3 46 44 41 27 26 20
34 35 35 37 3 38 39 19 43 17 5 20 27 24 35 16 15 16 4 27 43 40 35 40 31 14 24 13 4 27 19 24 37 46 41 31 45 26 12 39 12 42 38 15 16 9 34 14 9 32
16 17 14 39 27 16 7 36 22 0 21 27 5 30 4 6 10 35 33 3 3 15 27 5 45 45 29 4 43 0 46 15 7 17 15 9 22 0 16 25 10 8 35 38 7 41 30 13 20 38
36 24 24 19 2 13 29 34 21 31 15 22 42 34 34 37 34 38 32 23 19 25 8 32 20 22 40 44 43 19 45 34 1 36 4 17 9 37 8 40 33 12 35 41 33 16 6 9 10 44
27 28 14 25 17 11 44 29 8 19 41 18 34 0 35 46 31 29 23 12 1 38 39 8 39 12 28 33 8 8 23 46 16 46 4 15 5 0 39 41 45 3 45 2 39 25 32 43 35 36
23 9 20 20 42 39 41 40 5 8 5 6 40 45 21 28 1 44 5 46 25 6 0 35 43 26 23 42 12 32 11 45 39 15 38 28 5 3 26 37 23 39 33 46 24 11 1 14 17 41
33 26 34 25 34 26 37 25 38 38 38 4 9 21 24 2 19 10 7 40 21 34 40 19 11 46 13 35 16 11 1 9 22 9 19 25 39 41 45 33 22 27 42 42 20 5 30 26 11 17
20 18 26 37 13 4 24 43 30 34 29 40 21 29 34 30 10 26 45 28 10 37 24 11 29 4 40 26 2 2 36 18 28 20 33 25 43 36 35 6 6 40 36 12 16 20 46 41 15 33
40 30 17 36 27 37 41 10 6 18 26 5 17 37 35 39 24 28 36 37 16 1 2 46 23 21 28 22 44 27 7 38 2 20 12 30 46 11 11 26 21 17 34 24 33 23 0 29 20 38
7 1 23 34 16 33 4 0 24 11 27 22 23 9 44 16 9 39 34 24 39 29 36 20 0 12 5 30 7 2 28 31 27 27 24 21 46 16 3 44 43 44 18 2 7 7 21 33 4 30
15 11 21 6 46 13 14 33 1 24 30 29 3 34 30 16 19 33 7 22 7 8 5 26 22 4 7 35 36 40 31 41 5 43 31 8 26 40 7 36 25 30 33 1 22 3 31 26 15 37
44 31 42 45 35 29 0 31 30 10 17 32 9 25 29 24 0 16 4 18 32 31 34 38 10 29 12 43 9 28 38 26 35 18 33 26 13 27 15 19 37 22 45 8 4 15 10 30 40 42
43 9 20 2 34 38 45 38 39 26 29 43 44 21 32 3 16 36 27 24 7 46 40 21 28 21 33 15 36 24 19 6 4 35 32 12 6 2 13 17 23 3 16 24 46 25 9 5 0 15
46 29 17 45 8 35 39 35 21 2 19 13 4 2 2 29 36 1 4 25 26 34 34 17 11 2 12 37 39 42 38 12 38 9 8 30 29 46 6 9 35 43 13 39 9 45 9 14 27 31
20 2 2 20 22 24 43 3 28 36 43 38 9 35 16 41 24 5 18 46 32 46 32 36 2 46 11 17 12 14 35 34 22 17 9 27 43 46 30 23 8 27 4 28 21 29 26 43 8 23
13 19 33 46 28 36 5 15 5 0 26 13 40 22 34 28 22 43 2 45 24 12 25 36 12 46 22 40 41 25 36 12 34 8 38 46 4 42 45 29 27 15 23 30 18 29 41 8 22 19
27 20 13 15 46 32 19 46 7 13 2 10 43 35 23 21 22 24 46 46 42 30 28 2 46 21 35 45 35 3 7 41 19 32 29 25 38 3 2 29 22 32 5 13 5 15 9 29 32 9
5 26 1 21 40 31 41 31 7 12 10 31 43 8 12 40 26 4 35 32 43 1 35 23 31 33 6 1 26 31 10 26 18 1 6 2 40 31 22 21 4 36 45 34 1 33 7 46 20 27
35 24 24 31 41 23 17 46 13 24 19 45 33 16 28 9 38 19 14 37 11 3 9 21 22 22 19 30 20 40 30 44 31 10 2 12 28 28 8 0 39 14 21 34 12 23 43 25 27 0
8 6 20 22 22 30 12 15 28 37 29 3 33 36 25 2 19 6 41 39 44 24 21 24 12 38 36 44 33 34 7 3 38 17 23 44 45 3 26 17 35 31 15 40 23 43 44 33 28 13
35 19 40 18 18 13 39 9 42 16 46 43 13 29 27 29 7 28 29 35 30 6 44 32 28 1 5 39 34 12 11 10 40 38 42 41 6 23 45 24 10 40 17 24 20 34 43 42 25 7
12 20 9 18 9 31 31 21 36 12 46 8 40 37 22 12 34 1 27 2 23 17 32 26 17 14 36 39 22 8 39 17 4 6 41 40 34 2 34 24 10 12 17 8 20 16 24 23 41 0
5 1 33 0 32 22 35 1 46 7 21 7 14 33 29 39 33 19 11 22 13 31 5 19 27 35 2 37 22 14 0 0 44 12 2 41 2 14 5 19 12 39 8 26 40 20 35 28 17 38
9 38 31 6 27 0 14 27 26 2 17 0 34 21 44 42 9 40 42 33 1 33 35 3 32 4 3 18 29 30 32 9 31 9 25 38 30 43 46 5 37 35 46 31 9 23 6 10 2 31
34 29 43 37 2 6 24 5 37 23 42 43 5 6 35 39 18 24 12 19 41 22 32 20 4 44 36 43 29 13 20 32 35 29 27 0 14 11 0 19 21 0 33 42 25 25 14 4 43 14
42 41 0 45 10 34 21 10 9 39 41 15 27 21 9 10 13 21 20 5 31 30 12 12 22 8 3 14 17 21 16 31 35 41 19 31 28 2 7 25 25 4 38 0 38 16 17 3 23 46
40 20 33 30 26 22 41 38 28 4 4 14 14 21 6 28 13 24 42 11 6 46 32 6 12 43 1 16 31 0 1 31 39 17 27 25 24 37 39 28 42 32 8 1 27 18 4 44 15 27
46 38 19 35 44 14 16 18 45 9 35 14 16 3 33 40 19 12 36 12 1 17 26 43 1 44 37 14 3 7 2 35 30 23 44 34 36 32 39 5 9 40 14 37 45 16 13 18 23 7
11 14 45 45 1 42 36 34 23 26 8 18 37 45 46 17 38 32 34 16 2 46 44 12 10 36 4 7 24 21 42 37 20 46 17 33 34 40 2 11 43 39 3 19 14 14 14 5 21 43
7 14 31 39 18 9 29 35 42 46 32 42 30 43 27 39 18 46 11 32 0 0 13 14 27 45 38 2 22 23 5 5 45 12 46 24 24 18 26 27 24 25 42 46 28 40 15 32 9 42
8 3 7 29 10 32 28 18 35 25 31 30 41 0 22 3 14 45 24 22 5 32 14 31 6 14 31 39 25 16 34 31 18 2 25 34 46 3 46 36 24 34 4 21 13 45 37 20 38 44
23 32 12 10 40 3 26 40 40 10 29 8 35 2 40 42 38 15 33 26 8 8 9 9 13 40 3 16 28 33 26 34 22 13 24 44 22 26 1 5 6 6 40 17 30 23 41 18 18 16
6 36 12 16 1 28 2 27 38 33 37 12 21 35 13 26 41 2 18 19 13 12 13 39 4 18 30 42 18 15 4 39 20 6 19 1 19 35 29 3 6 8 27 29 37 8 37 20 24 7
22 38 34 14 29 6 4 21 9 0 13 45 29 41 0 23 16 0 29 2 18 26 15 42 13 42 15 28 26 16 1 2 32 2 22 16 14 11 13 24 19 18 24 5 5 2 37 34 35 42
21 9 45 4 21 23 4 7 6 45 41 2 8 23 6 17 1 46 31 23 30 17 26 28 31 38 4 6 44 42 31 21 40 29 10 29 2 7 26 46 15 27 15 32 13 16 13 28 14 2
35 8 31 34 28 28 28 25 2 13 37 6 23 26 43 45 24 31 7 41 34 13 27 30 43 25 25 10 9 8 6 34 43 3 27 1 20 1 15 39 27 8 43 22 35 2 46 10 28 22
29 9 11 2 36 35 39 41 40 11 28 32 19 41 15 31 10 5 17 9 30 0 25 17 23 18 1 46 25 25 15 22 13 36 38 44 29 17 7 30 38 24 30 3 18 26 8 31 21 9
33 12 17 20 13 42 9 12 44 16 9 4 15 2 43 45 4 19 20 5 27 39 34 28 15 43 38 16 20 22 44 37 40 14 11 27 30 7 42 17 11 17 4 38 36 20 3 34 33 29
16 19 18 22 18 46 9 0 20 37 17 2 23 4 32 42 2 2 9 8 8 21 35 29 21 16 17 29 16 41 28 5 3 11 13 30 34 18 11 12 28 18 12 23 18 44 15 30 1 31

50 50
42 32 13 6 16 30 28 34 37 19 13 14 3 18 37 12 34 23 46 19 19 5 20 30 43 42 35 17 37 16 30 41 4 42 30 26 16 24 3 27 46 44 9 42 43 22 30 33 39 36
36 7 13 43 33 9 31 36 14 39 6 15 42 17 37 11 30 28 43 4 41 39 22 26 37 3 40 38 36 43 12 10 25 43 28 24 46 14 13 24 27 31 38 14 14 34 32 5 0 11
27 30 42 19 36 3 15 30 26 15 43 13 29 20 25 44 32 27 25 43 29 43 23 3 44 33 35 46 3 43 34 45 35 15 4 40 2 34 29 26 1 23 17 8 22 46 45 38 2 21
44 9 28 22 44 24 26 6 16 12 37 16 20 10 36 30 19 21 4 7 8 36 33 45 1 45 27 27 37 12 37 22 25 7 25 21 33 34 42 46 46 27 33 15 41 20 37 10 39 21
36 6 46 25 23 31 18 17 1 16 42 43 35 16 37 4 21 44 29 2 14 24 0 34 34 41 42 32 36 12 24 10 42 36 45 40 5 41 19 44 15 34 39 31 6 4 45 19 12 19
31 42 32 22 40 20 0 6 0 25 31 12 37 11 28 23 0 33 3 26 20 44 23 9 11 36 16 45 39 8 42 18 4 4 27 37 19 32 15 26 32 7 0 17 16 32 29 1 46 16
30 41 27 30 17 24 19 24 41 38 22 33 36 23 2 37 12 37 43 33 18 1 34 29 0 27 26 42 34 46 24 2 5 20 34 6 45 39 35 7 11 19 27 13 38 43 34 20 2 30
24 32 4 46 1 38 15 10 34 38 44 21 24 21 18 22 41 13 3 37 42 10 46 45 13 11 7 11 14 9 2 45 18 17 6 4 17 46 19 34 23 8 5 34 45 8 3 11 36 29
4 2 9 13 17 6 18 27 26 33 15 4 7 13 33 26 26 45 8 45 11 14 14 1 14 8 22 14 32 28 7 19 26 34 26 41 10 43 10 4 11 32 8 13 45 24 38 37 4 34
30 6 21 24 25 2 27 33 34 25 9 12 10 26 35 11 41 23 22 36 45 28 4 43 11 37 12 33 8 30 8 9 38 27 22 45 40 38 16 33 21 5 10 14 9 7 8 22 17 15
11 25 40 33 26 40 20 12 30 3 22 1 4 41 24 44 39 18 20 14 11 13 25 44 7 14 40 8 27 44 3 16 46 31 18 27 45 19 40 30 12 40 11 10 3 20 21 46 5 46
20 9 8 4 33 41 17 13 12 39 19 27 8 10 22 21 40 3 9 1 20 4 6 39 20 30 31 4 30 35 9 28 39 16 45 43 31 35 28 39 44 39 39 40 19 35 34 1 45 10
26 14 30 1 21 20 32 34 0 12 27 7 42 5 22 19 34 6 1 11 20 37 43 21 45 19 27 40 19 14 10 12 1 2 9 22 38 44 32 37 19 2 19 29 26 28 5 7 34 23
13 20 1 2 6 23 11 20 1 17 36 18 45 43 19 21 43 16 33 44 29 45 11 23 41 45 7 13 14 17 45 35 3 6 26 26 25 0 29 7 19 28 14 16 3 29 41 28 40 21
26 36 41 30 45 24 13 14 21 8 37 19 31 39 46 28 44 33 8 43 1 3 28 25 14 41 14 45 3 24 24 31 26 35 34 25 16 7 4 31 6 2 33 41 39 17 6 13 31 2
0 11 18 32 0 24 35 41 19 2 25 30 11 31 40 33 46 21 30 43 4 22 27 9 19 0 19 40 33 2 37 14 27 26 5 34 12 42 28 16 31 28 6 7 2 18 41 31 8 8
20 9 44 23 35 45 11 34 11 4 34 38 26 1 22 7 18 29 9 14 30 19 21 35 42 20 31 28 16 39 29 16 44 43 22 22 42 34 44 1 0 24 3 45 23 43 26 13 4 18
14 6 13 16 21 15 46 41 34 17 2 30 4 46 17 36 15 35 45 20 18 16 12 6 17 23 13 28 40 6 24 32 42 5 32 7 7 4 38 42 41 9 10 44 46 46 30 4 27 41
32 45 27 5 3 2 23 26 33 24 24 16 28 0 43 39 15 0 0 37 23 17 16 33 30 14 40 37 13 31 44 46 2 3 41 15 22 8 14 25 36 22 10 18 22 46 30 16 28 17
1 16 10 38 2 25 29 45 7 23 11 15 9 36 15 13 27 33 20 20 41 21 28 32 41 42 11 34 3 31 3 7 5 26 30 9 24 21 20 26 9 9 25 6 46 0 25 25 25 25
26 11 10 35 3 30 15 0 45 33 4 12 26 22 18 24 20 7 39 26 4 30 17 43 41 28 1 26 38 3 26 14 35 39 0 22 11 26 36 12 21 27 37 44 40 43 43 25 22 20
12 44 2 28 11 46 18 0 1 36 44 32 26 1 8 1 0 7 42 17 12 17 17 18 38 20 46 27 8 17 18 16 18 41 16 33 13 40 9 24 38 5 0 30 9 40 6 31 36 32
42 8 33 25 28 35 40 17 41 1 9 16 8 4 6 10 39 18 6 1 34 0 22 44 19 14 32 45 8 0 13 5 46 45 44 14 46 18 46 24 27 15 11 5 6 39 38 37 44 2
1 28 6 29 16 43 20 21 2 42 4 21 16 4 17 31 15 15 40 14 14 20 1 13 33 12 15 3 34 27 32 31 46 6 0 2 6 17 3 39 12 14 37 44 35 7 16 22 11 39
46 11 12 44 0 12 39 46 31 11 41 5 20 34 44 10 30 0 30 26 42 0 4 10 2 30 18 8 4 8 17 7 28 2 15 20 40 35 34 36 6 16 45 20 7 10 28 2 0 10
5 27 32 6 15 41 19 33 8 45 1 39 38 29 32 45 13 36 30 0 27 19 39 37 1 45 43 31 10 38 10 36 44 4 36 38 5 15 31 22 10 32 32 41 11 15 7 36 16 42
31 41 35 17 5 27 22 32 23 38 2 27 21 23 16 34 20 40 7 31 21 3 5 25 38 41 18 19 36 13 6 23 31 19 5 9 14 8 42 20 20 29 1 18 22 44 41 21 35 42
8 4 6 38 4 42 46 9 19 13 15 0 27 15 20 42 8 33 7 6 22 2 11 29 39 39 10 16 41 26 4 33 15 26 45 32 17 13 40 42 45 25 34 5 15 22 41 8 26 41
14 10 9 16 31 3 21 4 10 17 6 23 36 36 39 28 35 38 9 43 38 43 25 25 20 41 36 19 26 11 19 6 28 46 42 6 5 32 25 15 0 11 11 16 38 35 15 45 2 24
1 29 35 21 3 33 17 24 24 21 42 13 18 35 13 27 29 4 41 30 4 41 33 5 7 11 35 25 0 36 34 10 39 31 34 2 24 28 38 39 15 14 42 35 30 44 2 6 40 19
26 19 21 35 41 44 16 33 12 21 40 30 45 43 4 33 38 24 24 11 4 1 34 18 37 1 29 24 15 8 5 3 20 6 37 20 0 43 23 6 18 6 2 41 19 10 37 38 42 8
26 18 27 22 4 0 28 12 33 44 11 28 14 29 8 14 1 31 16 28 14 45 42 25 2 40 3 24 14 17 36 1 24 38 31 14 46 35 37 41 41 40 3 6 11 16 14 24 45 38
35 21 34 23 7 35 42 41 36 9 16 16 37 35 7 10 3 29 36 25 9 45 28 38 15 9 31 3 42 31 18 10 4 17 16 7 30 13 41 32 20 2 16 39 25 27 20 33 26 11
0 12 25 0 10 43 35 22 32 26 25 38 30 17 16 44 2 8 8 5 33 42 18 13 44 46 31 14 4 13 22 33 14 14 18 28 26 10 24 10 41 3 45 21 36 28 39 42 45 30
21 32 20 31 7 24 33 7 9 40 39 10 19 30 16 36 32 19 16 13 37 28 35 11 31 35 14 43 39 4 28 31 0 16 2 7 5 10 36 25 21 35 17 43 25 23 9 45 11 11
10 12 8 3 35 6 38 43 45 27 11 6 39 23 20 12 15 30 46 22 37 14 1 27 36 12 31 13 13 19 11 11 12 4 0 35 17 0 43 41 39 39 34 11 13 28 21 17 31 6
39 25 6 40 31 39 4 21 22 1 8 40 35 18 31 34 26 25 16 4 21 31 0 20 37 0 45 43 12 13 46 8 10 34 24 34 3 31 40 4 46 13 27 1 0 20 23 7 9 27
4 4 36 5 43 16 25 13 32 36 26 6 33 23 38 25 42 33 17 10 18 41 43 46 7 27 46 4 16 19 38 8 32 43 33 5 30 37 0 2 39 0 21 34 18 33 10 32 22 4
30 5 4 36 14 33 17 38 45 19 12 11 22 19 26 30 39 31 7 39 26 33 31 6 20 36 14 11 3 46 3 5 3 28 13 12 12 31 31 13 31 4 13 9 5 38 16 22 24 20
41 9 23 38 35 7 9 41 14 25 19 15 33 27 23 7 1 42 21 36 26 46 14 9 39 24 4 26 26 41 24 44 14 7 36 2 15 22 42 1 46 39 21 4 6 44 41 40 16 27
34 22 13 12 33 38 12 12 5 15 1 30 34 14 21 42 40 8 34 3 30 33 21 25 35 39 22 38 32 16 33 14 45 34 38 44 28 30 27 42 32 27 28 14 41 10 5 23 3 7
28 0 23 9 46 4 33 21 18 26 31 2 28 21 5 6 0 33 31 2 30 6 34 37 10 22 23 29 27 0 32 40 9 30 44 36 24 31 1 7 29 46 37 34 2 37 17 10 6 45
26 28 2 31 31 25 23 42 45 39 22 38 20 17 45 17 32 22 13 18 23 15 21 29 17 28 34 8 28 21 23 33 9 40 7 16 23 10 21 27 30 41 27 1 9 8 15 41 26 7
2 31 13 8 44 0 31 22 21 13 34 36 39 1 38 22 0 34 9 3 26 0 27 34 42 36 39 1 6 34 35 8 4 33 35 13 23 40 41 2 19 19 12 18 31 12 41 42 40 42
0 44 38 6 2 38 31 16 35 27 40 21 28 8 10 20 19 11 13 40 21 11 25 12 5 46 34 46 13 45 20 25 11 45 1 39 43 13 7 20 27 27 46 20 28 12 10 41 8 4
18 28 37 1 35 36 9 34 39 25 9 28 13 38 9 39 16 36 32 41 41 37 29 19 11 46 25 11 26 12 39 13 41 30 46 1 5 24 20 6 1 42 26 46 4 29 12 33 16 13
43 46 17 35 11 42 45 15 1 35 41 46 17 31 7 44 2 40 14 44 15 37 20 34 12 9 0 40 18 6 30 21 4 35 20 11 36 18 16 41 4 46 1 27 33 19 25 23 1 38
16 19 7 43 18 15 39 28 38 29 7 33 40 30 36 18 46 9 37 22 4 35 45 5 1 26 11 22 17 2 34 18 24 22 40 29 23 34 29 1 27 16 39 1 3 29 6 27 37 37
34 18 45 1 25 12 43 38 44 35 20 40 37 45 41 3 19 13 24 28 13 17 21 11 19 20 9 27 22 34 40 38 15 13 43 0 34 20 42 29 30 41 27 2 10 4 42 21 15 19
46 15 6 1 0 0 40 23 40 25 17 12 32 7 5 18 11 13 9 9 3 17 40 36 26 27 45 34 24 16 4 35 31 2 44 9 24 26 13 42 36 29 3 40 4 39 35 17 27 37
